# File: examples/data/torsion/hangoff_roll_2turns_60s_dt01.txt
# Hang-off roll for torsion_lazy_wave_hangoff_twist.dat (generate_hangoff_roll.py).
# The point is held; the roll ramps from 0 to -720 deg over 60 s (C2 quintic) and holds.
# Columns: time(s) point_id x(m) y(m) z(m) vx vy vz(m/s) ax ay az(m/s2) roll(deg)
0.0  1  5.0000  0.0000  -14.0000  0 0 0  0 0 0  0.0000000000e+00
0.1  1  5.0000  0.0000  -14.0000  0 0 0  0 0 0  -3.3250055556e-05
0.2  1  5.0000  0.0000  -14.0000  0 0 0  0 0 0  -2.6533511111e-04
0.3  1  5.0000  0.0000  -14.0000  0 0 0  0 0 0  -8.9326350000e-04
0.4  1  5.0000  0.0000  -14.0000  0 0 0  0 0 0  -2.1120568889e-03
0.5  1  5.0000  0.0000  -14.0000  0 0 0  0 0 0  -4.1147569444e-03
0.6  1  5.0000  0.0000  -14.0000  0 0 0  0 0 0  -7.0924320000e-03
0.7  1  5.0000  0.0000  -14.0000  0 0 0  0 0 0  -1.1234183722e-02
0.8  1  5.0000  0.0000  -14.0000  0 0 0  0 0 0  -1.6727153778e-02
0.9  1  5.0000  0.0000  -14.0000  0 0 0  0 0 0  -2.3756530500e-02
1.0  1  5.0000  0.0000  -14.0000  0 0 0  0 0 0  -3.2505555556e-02
1.1  1  5.0000  0.0000  -14.0000  0 0 0  0 0 0  -4.3155530611e-02
1.2  1  5.0000  0.0000  -14.0000  0 0 0  0 0 0  -5.5885824000e-02
1.3  1  5.0000  0.0000  -14.0000  0 0 0  0 0 0  -7.0873877389e-02
1.4  1  5.0000  0.0000  -14.0000  0 0 0  0 0 0  -8.8295212444e-02
1.5  1  5.0000  0.0000  -14.0000  0 0 0  0 0 0  -1.0832343750e-01
1.6  1  5.0000  0.0000  -14.0000  0 0 0  0 0 0  -1.3113025422e-01
1.7  1  5.0000  0.0000  -14.0000  0 0 0  0 0 0  -1.5688546428e-01
1.8  1  5.0000  0.0000  -14.0000  0 0 0  0 0 0  -1.8575697600e-01
1.9  1  5.0000  0.0000  -14.0000  0 0 0  0 0 0  -2.1791081106e-01
2.0  1  5.0000  0.0000  -14.0000  0 0 0  0 0 0  -2.5351111111e-01
2.1  1  5.0000  0.0000  -14.0000  0 0 0  0 0 0  -2.9272014450e-01
2.2  1  5.0000  0.0000  -14.0000  0 0 0  0 0 0  -3.3569831289e-01
2.3  1  5.0000  0.0000  -14.0000  0 0 0  0 0 0  -3.8260415794e-01
2.4  1  5.0000  0.0000  -14.0000  0 0 0  0 0 0  -4.3359436800e-01
2.5  1  5.0000  0.0000  -14.0000  0 0 0  0 0 0  -4.8882378472e-01
2.6  1  5.0000  0.0000  -14.0000  0 0 0  0 0 0  -5.4844540978e-01
2.7  1  5.0000  0.0000  -14.0000  0 0 0  0 0 0  -6.1261041150e-01
2.8  1  5.0000  0.0000  -14.0000  0 0 0  0 0 0  -6.8146813156e-01
2.9  1  5.0000  0.0000  -14.0000  0 0 0  0 0 0  -7.5516609161e-01
3.0  1  5.0000  0.0000  -14.0000  0 0 0  0 0 0  -8.3385000000e-01
3.1  1  5.0000  0.0000  -14.0000  0 0 0  0 0 0  -9.1766375839e-01
3.2  1  5.0000  0.0000  -14.0000  0 0 0  0 0 0  -1.0067494684e+00
3.3  1  5.0000  0.0000  -14.0000  0 0 0  0 0 0  -1.1012474385e+00
3.4  1  5.0000  0.0000  -14.0000  0 0 0  0 0 0  -1.2012961902e+00
3.5  1  5.0000  0.0000  -14.0000  0 0 0  0 0 0  -1.3070324653e+00
3.6  1  5.0000  0.0000  -14.0000  0 0 0  0 0 0  -1.4185912320e+00
3.7  1  5.0000  0.0000  -14.0000  0 0 0  0 0 0  -1.5361056921e+00
3.8  1  5.0000  0.0000  -14.0000  0 0 0  0 0 0  -1.6597072871e+00
3.9  1  5.0000  0.0000  -14.0000  0 0 0  0 0 0  -1.7895257055e+00
4.0  1  5.0000  0.0000  -14.0000  0 0 0  0 0 0  -1.9256888889e+00
4.1  1  5.0000  0.0000  -14.0000  0 0 0  0 0 0  -2.0683230389e+00
4.2  1  5.0000  0.0000  -14.0000  0 0 0  0 0 0  -2.2175526240e+00
4.3  1  5.0000  0.0000  -14.0000  0 0 0  0 0 0  -2.3735003857e+00
4.4  1  5.0000  0.0000  -14.0000  0 0 0  0 0 0  -2.5362873458e+00
4.5  1  5.0000  0.0000  -14.0000  0 0 0  0 0 0  -2.7060328125e+00
4.6  1  5.0000  0.0000  -14.0000  0 0 0  0 0 0  -2.8828543876e+00
4.7  1  5.0000  0.0000  -14.0000  0 0 0  0 0 0  -3.0668679726e+00
4.8  1  5.0000  0.0000  -14.0000  0 0 0  0 0 0  -3.2581877760e+00
4.9  1  5.0000  0.0000  -14.0000  0 0 0  0 0 0  -3.4569263194e+00
5.0  1  5.0000  0.0000  -14.0000  0 0 0  0 0 0  -3.6631944444e+00
5.1  1  5.0000  0.0000  -14.0000  0 0 0  0 0 0  -3.8771013195e+00
5.2  1  5.0000  0.0000  -14.0000  0 0 0  0 0 0  -4.0987544462e+00
5.3  1  5.0000  0.0000  -14.0000  0 0 0  0 0 0  -4.3282596663e+00
5.4  1  5.0000  0.0000  -14.0000  0 0 0  0 0 0  -4.5657211680e+00
5.5  1  5.0000  0.0000  -14.0000  0 0 0  0 0 0  -4.8112414931e+00
5.6  1  5.0000  0.0000  -14.0000  0 0 0  0 0 0  -5.0649215431e+00
5.7  1  5.0000  0.0000  -14.0000  0 0 0  0 0 0  -5.3268605865e+00
5.8  1  5.0000  0.0000  -14.0000  0 0 0  0 0 0  -5.5971562649e+00
5.9  1  5.0000  0.0000  -14.0000  0 0 0  0 0 0  -5.8759045999e+00
6.0  1  5.0000  0.0000  -14.0000  0 0 0  0 0 0  -6.1632000000e+00
6.1  1  5.0000  0.0000  -14.0000  0 0 0  0 0 0  -6.4591352667e+00
6.2  1  5.0000  0.0000  -14.0000  0 0 0  0 0 0  -6.7638016018e+00
6.3  1  5.0000  0.0000  -14.0000  0 0 0  0 0 0  -7.0772886135e+00
6.4  1  5.0000  0.0000  -14.0000  0 0 0  0 0 0  -7.3996843236e+00
6.5  1  5.0000  0.0000  -14.0000  0 0 0  0 0 0  -7.7310751736e+00
6.6  1  5.0000  0.0000  -14.0000  0 0 0  0 0 0  -8.0715460320e+00
6.7  1  5.0000  0.0000  -14.0000  0 0 0  0 0 0  -8.4211802004e+00
6.8  1  5.0000  0.0000  -14.0000  0 0 0  0 0 0  -8.7800594204e+00
6.9  1  5.0000  0.0000  -14.0000  0 0 0  0 0 0  -9.1482638805e+00
7.0  1  5.0000  0.0000  -14.0000  0 0 0  0 0 0  -9.5258722222e+00
7.1  1  5.0000  0.0000  -14.0000  0 0 0  0 0 0  -9.9129615473e+00
7.2  1  5.0000  0.0000  -14.0000  0 0 0  0 0 0  -1.0309607424e+01
7.3  1  5.0000  0.0000  -14.0000  0 0 0  0 0 0  -1.0715883894e+01
7.4  1  5.0000  0.0000  -14.0000  0 0 0  0 0 0  -1.1131863479e+01
7.5  1  5.0000  0.0000  -14.0000  0 0 0  0 0 0  -1.1557617188e+01
7.6  1  5.0000  0.0000  -14.0000  0 0 0  0 0 0  -1.1993214521e+01
7.7  1  5.0000  0.0000  -14.0000  0 0 0  0 0 0  -1.2438723481e+01
7.8  1  5.0000  0.0000  -14.0000  0 0 0  0 0 0  -1.2894210576e+01
7.9  1  5.0000  0.0000  -14.0000  0 0 0  0 0 0  -1.3359740828e+01
8.0  1  5.0000  0.0000  -14.0000  0 0 0  0 0 0  -1.3835377778e+01
8.1  1  5.0000  0.0000  -14.0000  0 0 0  0 0 0  -1.4321183494e+01
8.2  1  5.0000  0.0000  -14.0000  0 0 0  0 0 0  -1.4817218580e+01
8.3  1  5.0000  0.0000  -14.0000  0 0 0  0 0 0  -1.5323542175e+01
8.4  1  5.0000  0.0000  -14.0000  0 0 0  0 0 0  -1.5840211968e+01
8.5  1  5.0000  0.0000  -14.0000  0 0 0  0 0 0  -1.6367284201e+01
8.6  1  5.0000  0.0000  -14.0000  0 0 0  0 0 0  -1.6904813676e+01
8.7  1  5.0000  0.0000  -14.0000  0 0 0  0 0 0  -1.7452853762e+01
8.8  1  5.0000  0.0000  -14.0000  0 0 0  0 0 0  -1.8011456398e+01
8.9  1  5.0000  0.0000  -14.0000  0 0 0  0 0 0  -1.8580672108e+01
9.0  1  5.0000  0.0000  -14.0000  0 0 0  0 0 0  -1.9160550000e+01
9.1  1  5.0000  0.0000  -14.0000  0 0 0  0 0 0  -1.9751137775e+01
9.2  1  5.0000  0.0000  -14.0000  0 0 0  0 0 0  -2.0352481735e+01
9.3  1  5.0000  0.0000  -14.0000  0 0 0  0 0 0  -2.0964626789e+01
9.4  1  5.0000  0.0000  -14.0000  0 0 0  0 0 0  -2.1587616457e+01
9.5  1  5.0000  0.0000  -14.0000  0 0 0  0 0 0  -2.2221492882e+01
9.6  1  5.0000  0.0000  -14.0000  0 0 0  0 0 0  -2.2866296832e+01
9.7  1  5.0000  0.0000  -14.0000  0 0 0  0 0 0  -2.3522067709e+01
9.8  1  5.0000  0.0000  -14.0000  0 0 0  0 0 0  -2.4188843554e+01
9.9  1  5.0000  0.0000  -14.0000  0 0 0  0 0 0  -2.4866661056e+01
10.0  1  5.0000  0.0000  -14.0000  0 0 0  0 0 0  -2.5555555556e+01
10.1  1  5.0000  0.0000  -14.0000  0 0 0  0 0 0  -2.6255561056e+01
10.2  1  5.0000  0.0000  -14.0000  0 0 0  0 0 0  -2.6966710224e+01
10.3  1  5.0000  0.0000  -14.0000  0 0 0  0 0 0  -2.7689034402e+01
10.4  1  5.0000  0.0000  -14.0000  0 0 0  0 0 0  -2.8422563612e+01
10.5  1  5.0000  0.0000  -14.0000  0 0 0  0 0 0  -2.9167326562e+01
10.6  1  5.0000  0.0000  -14.0000  0 0 0  0 0 0  -2.9923350654e+01
10.7  1  5.0000  0.0000  -14.0000  0 0 0  0 0 0  -3.0690661989e+01
10.8  1  5.0000  0.0000  -14.0000  0 0 0  0 0 0  -3.1469285376e+01
10.9  1  5.0000  0.0000  -14.0000  0 0 0  0 0 0  -3.2259244336e+01
11.0  1  5.0000  0.0000  -14.0000  0 0 0  0 0 0  -3.3060561111e+01
11.1  1  5.0000  0.0000  -14.0000  0 0 0  0 0 0  -3.3873256670e+01
11.2  1  5.0000  0.0000  -14.0000  0 0 0  0 0 0  -3.4697350713e+01
11.3  1  5.0000  0.0000  -14.0000  0 0 0  0 0 0  -3.5532861683e+01
11.4  1  5.0000  0.0000  -14.0000  0 0 0  0 0 0  -3.6379806768e+01
11.5  1  5.0000  0.0000  -14.0000  0 0 0  0 0 0  -3.7238201910e+01
11.6  1  5.0000  0.0000  -14.0000  0 0 0  0 0 0  -3.8108061810e+01
11.7  1  5.0000  0.0000  -14.0000  0 0 0  0 0 0  -3.8989399936e+01
11.8  1  5.0000  0.0000  -14.0000  0 0 0  0 0 0  -3.9882228532e+01
11.9  1  5.0000  0.0000  -14.0000  0 0 0  0 0 0  -4.0786558617e+01
12.0  1  5.0000  0.0000  -14.0000  0 0 0  0 0 0  -4.1702400000e+01
12.1  1  5.0000  0.0000  -14.0000  0 0 0  0 0 0  -4.2629761283e+01
12.2  1  5.0000  0.0000  -14.0000  0 0 0  0 0 0  -4.3568649868e+01
12.3  1  5.0000  0.0000  -14.0000  0 0 0  0 0 0  -4.4519071964e+01
12.4  1  5.0000  0.0000  -14.0000  0 0 0  0 0 0  -4.5481032590e+01
12.5  1  5.0000  0.0000  -14.0000  0 0 0  0 0 0  -4.6454535590e+01
12.6  1  5.0000  0.0000  -14.0000  0 0 0  0 0 0  -4.7439583632e+01
12.7  1  5.0000  0.0000  -14.0000  0 0 0  0 0 0  -4.8436178217e+01
12.8  1  5.0000  0.0000  -14.0000  0 0 0  0 0 0  -4.9444319687e+01
12.9  1  5.0000  0.0000  -14.0000  0 0 0  0 0 0  -5.0464007230e+01
13.0  1  5.0000  0.0000  -14.0000  0 0 0  0 0 0  -5.1495238889e+01
13.1  1  5.0000  0.0000  -14.0000  0 0 0  0 0 0  -5.2538011564e+01
13.2  1  5.0000  0.0000  -14.0000  0 0 0  0 0 0  -5.3592321024e+01
13.3  1  5.0000  0.0000  -14.0000  0 0 0  0 0 0  -5.4658161911e+01
13.4  1  5.0000  0.0000  -14.0000  0 0 0  0 0 0  -5.5735527746e+01
13.5  1  5.0000  0.0000  -14.0000  0 0 0  0 0 0  -5.6824410938e+01
13.6  1  5.0000  0.0000  -14.0000  0 0 0  0 0 0  -5.7924802788e+01
13.7  1  5.0000  0.0000  -14.0000  0 0 0  0 0 0  -5.9036693498e+01
13.8  1  5.0000  0.0000  -14.0000  0 0 0  0 0 0  -6.0160072176e+01
13.9  1  5.0000  0.0000  -14.0000  0 0 0  0 0 0  -6.1294926844e+01
14.0  1  5.0000  0.0000  -14.0000  0 0 0  0 0 0  -6.2441244444e+01
14.1  1  5.0000  0.0000  -14.0000  0 0 0  0 0 0  -6.3599010845e+01
14.2  1  5.0000  0.0000  -14.0000  0 0 0  0 0 0  -6.4768210846e+01
14.3  1  5.0000  0.0000  -14.0000  0 0 0  0 0 0  -6.5948828191e+01
14.4  1  5.0000  0.0000  -14.0000  0 0 0  0 0 0  -6.7140845568e+01
14.5  1  5.0000  0.0000  -14.0000  0 0 0  0 0 0  -6.8344244618e+01
14.6  1  5.0000  0.0000  -14.0000  0 0 0  0 0 0  -6.9559005943e+01
14.7  1  5.0000  0.0000  -14.0000  0 0 0  0 0 0  -7.0785109112e+01
14.8  1  5.0000  0.0000  -14.0000  0 0 0  0 0 0  -7.2022532665e+01
14.9  1  5.0000  0.0000  -14.0000  0 0 0  0 0 0  -7.3271254125e+01
15.0  1  5.0000  0.0000  -14.0000  0 0 0  0 0 0  -7.4531250000e+01
15.1  1  5.0000  0.0000  -14.0000  0 0 0  0 0 0  -7.5802495792e+01
15.2  1  5.0000  0.0000  -14.0000  0 0 0  0 0 0  -7.7084966002e+01
15.3  1  5.0000  0.0000  -14.0000  0 0 0  0 0 0  -7.8378634139e+01
15.4  1  5.0000  0.0000  -14.0000  0 0 0  0 0 0  -7.9683472724e+01
15.5  1  5.0000  0.0000  -14.0000  0 0 0  0 0 0  -8.0999453299e+01
15.6  1  5.0000  0.0000  -14.0000  0 0 0  0 0 0  -8.2326546432e+01
15.7  1  5.0000  0.0000  -14.0000  0 0 0  0 0 0  -8.3664721725e+01
15.8  1  5.0000  0.0000  -14.0000  0 0 0  0 0 0  -8.5013947820e+01
15.9  1  5.0000  0.0000  -14.0000  0 0 0  0 0 0  -8.6374192405e+01
16.0  1  5.0000  0.0000  -14.0000  0 0 0  0 0 0  -8.7745422222e+01
16.1  1  5.0000  0.0000  -14.0000  0 0 0  0 0 0  -8.9127603072e+01
16.2  1  5.0000  0.0000  -14.0000  0 0 0  0 0 0  -9.0520699824e+01
16.3  1  5.0000  0.0000  -14.0000  0 0 0  0 0 0  -9.1924676419e+01
16.4  1  5.0000  0.0000  -14.0000  0 0 0  0 0 0  -9.3339495879e+01
16.5  1  5.0000  0.0000  -14.0000  0 0 0  0 0 0  -9.4765120313e+01
16.6  1  5.0000  0.0000  -14.0000  0 0 0  0 0 0  -9.6201510921e+01
16.7  1  5.0000  0.0000  -14.0000  0 0 0  0 0 0  -9.7648628006e+01
16.8  1  5.0000  0.0000  -14.0000  0 0 0  0 0 0  -9.9106430976e+01
16.9  1  5.0000  0.0000  -14.0000  0 0 0  0 0 0  -1.0057487835e+02
17.0  1  5.0000  0.0000  -14.0000  0 0 0  0 0 0  -1.0205392778e+02
17.1  1  5.0000  0.0000  -14.0000  0 0 0  0 0 0  -1.0354353602e+02
17.2  1  5.0000  0.0000  -14.0000  0 0 0  0 0 0  -1.0504365898e+02
17.3  1  5.0000  0.0000  -14.0000  0 0 0  0 0 0  -1.0655425170e+02
17.4  1  5.0000  0.0000  -14.0000  0 0 0  0 0 0  -1.0807526837e+02
17.5  1  5.0000  0.0000  -14.0000  0 0 0  0 0 0  -1.0960666233e+02
17.6  1  5.0000  0.0000  -14.0000  0 0 0  0 0 0  -1.1114838608e+02
17.7  1  5.0000  0.0000  -14.0000  0 0 0  0 0 0  -1.1270039129e+02
17.8  1  5.0000  0.0000  -14.0000  0 0 0  0 0 0  -1.1426262880e+02
17.9  1  5.0000  0.0000  -14.0000  0 0 0  0 0 0  -1.1583504863e+02
18.0  1  5.0000  0.0000  -14.0000  0 0 0  0 0 0  -1.1741760000e+02
18.1  1  5.0000  0.0000  -14.0000  0 0 0  0 0 0  -1.1901023130e+02
18.2  1  5.0000  0.0000  -14.0000  0 0 0  0 0 0  -1.2061289014e+02
18.3  1  5.0000  0.0000  -14.0000  0 0 0  0 0 0  -1.2222552331e+02
18.4  1  5.0000  0.0000  -14.0000  0 0 0  0 0 0  -1.2384807686e+02
18.5  1  5.0000  0.0000  -14.0000  0 0 0  0 0 0  -1.2548049601e+02
18.6  1  5.0000  0.0000  -14.0000  0 0 0  0 0 0  -1.2712272523e+02
18.7  1  5.0000  0.0000  -14.0000  0 0 0  0 0 0  -1.2877470823e+02
18.8  1  5.0000  0.0000  -14.0000  0 0 0  0 0 0  -1.3043638795e+02
18.9  1  5.0000  0.0000  -14.0000  0 0 0  0 0 0  -1.3210770658e+02
19.0  1  5.0000  0.0000  -14.0000  0 0 0  0 0 0  -1.3378860556e+02
19.1  1  5.0000  0.0000  -14.0000  0 0 0  0 0 0  -1.3547902558e+02
19.2  1  5.0000  0.0000  -14.0000  0 0 0  0 0 0  -1.3717890662e+02
19.3  1  5.0000  0.0000  -14.0000  0 0 0  0 0 0  -1.3888818793e+02
19.4  1  5.0000  0.0000  -14.0000  0 0 0  0 0 0  -1.4060680801e+02
19.5  1  5.0000  0.0000  -14.0000  0 0 0  0 0 0  -1.4233470469e+02
19.6  1  5.0000  0.0000  -14.0000  0 0 0  0 0 0  -1.4407181505e+02
19.7  1  5.0000  0.0000  -14.0000  0 0 0  0 0 0  -1.4581807551e+02
19.8  1  5.0000  0.0000  -14.0000  0 0 0  0 0 0  -1.4757342178e+02
19.9  1  5.0000  0.0000  -14.0000  0 0 0  0 0 0  -1.4933778886e+02
20.0  1  5.0000  0.0000  -14.0000  0 0 0  0 0 0  -1.5111111111e+02
20.1  1  5.0000  0.0000  -14.0000  0 0 0  0 0 0  -1.5289332219e+02
20.2  1  5.0000  0.0000  -14.0000  0 0 0  0 0 0  -1.5468435511e+02
20.3  1  5.0000  0.0000  -14.0000  0 0 0  0 0 0  -1.5648414221e+02
20.4  1  5.0000  0.0000  -14.0000  0 0 0  0 0 0  -1.5829261517e+02
20.5  1  5.0000  0.0000  -14.0000  0 0 0  0 0 0  -1.6010970503e+02
20.6  1  5.0000  0.0000  -14.0000  0 0 0  0 0 0  -1.6193534221e+02
20.7  1  5.0000  0.0000  -14.0000  0 0 0  0 0 0  -1.6376945646e+02
20.8  1  5.0000  0.0000  -14.0000  0 0 0  0 0 0  -1.6561197693e+02
20.9  1  5.0000  0.0000  -14.0000  0 0 0  0 0 0  -1.6746283214e+02
21.0  1  5.0000  0.0000  -14.0000  0 0 0  0 0 0  -1.6932195000e+02
21.1  1  5.0000  0.0000  -14.0000  0 0 0  0 0 0  -1.7118925781e+02
21.2  1  5.0000  0.0000  -14.0000  0 0 0  0 0 0  -1.7306468227e+02
21.3  1  5.0000  0.0000  -14.0000  0 0 0  0 0 0  -1.7494814949e+02
21.4  1  5.0000  0.0000  -14.0000  0 0 0  0 0 0  -1.7683958499e+02
21.5  1  5.0000  0.0000  -14.0000  0 0 0  0 0 0  -1.7873891372e+02
21.6  1  5.0000  0.0000  -14.0000  0 0 0  0 0 0  -1.8064606003e+02
21.7  1  5.0000  0.0000  -14.0000  0 0 0  0 0 0  -1.8256094774e+02
21.8  1  5.0000  0.0000  -14.0000  0 0 0  0 0 0  -1.8448350009e+02
21.9  1  5.0000  0.0000  -14.0000  0 0 0  0 0 0  -1.8641363976e+02
22.0  1  5.0000  0.0000  -14.0000  0 0 0  0 0 0  -1.8835128889e+02
22.1  1  5.0000  0.0000  -14.0000  0 0 0  0 0 0  -1.9029636909e+02
22.2  1  5.0000  0.0000  -14.0000  0 0 0  0 0 0  -1.9224880142e+02
22.3  1  5.0000  0.0000  -14.0000  0 0 0  0 0 0  -1.9420850644e+02
22.4  1  5.0000  0.0000  -14.0000  0 0 0  0 0 0  -1.9617540415e+02
22.5  1  5.0000  0.0000  -14.0000  0 0 0  0 0 0  -1.9814941406e+02
22.6  1  5.0000  0.0000  -14.0000  0 0 0  0 0 0  -2.0013045519e+02
22.7  1  5.0000  0.0000  -14.0000  0 0 0  0 0 0  -2.0211844602e+02
22.8  1  5.0000  0.0000  -14.0000  0 0 0  0 0 0  -2.0411330458e+02
22.9  1  5.0000  0.0000  -14.0000  0 0 0  0 0 0  -2.0611494837e+02
23.0  1  5.0000  0.0000  -14.0000  0 0 0  0 0 0  -2.0812329444e+02
23.1  1  5.0000  0.0000  -14.0000  0 0 0  0 0 0  -2.1013825937e+02
23.2  1  5.0000  0.0000  -14.0000  0 0 0  0 0 0  -2.1215975925e+02
23.3  1  5.0000  0.0000  -14.0000  0 0 0  0 0 0  -2.1418770972e+02
23.4  1  5.0000  0.0000  -14.0000  0 0 0  0 0 0  -2.1622202597e+02
23.5  1  5.0000  0.0000  -14.0000  0 0 0  0 0 0  -2.1826262274e+02
23.6  1  5.0000  0.0000  -14.0000  0 0 0  0 0 0  -2.2030941434e+02
23.7  1  5.0000  0.0000  -14.0000  0 0 0  0 0 0  -2.2236231464e+02
23.8  1  5.0000  0.0000  -14.0000  0 0 0  0 0 0  -2.2442123706e+02
23.9  1  5.0000  0.0000  -14.0000  0 0 0  0 0 0  -2.2648609465e+02
24.0  1  5.0000  0.0000  -14.0000  0 0 0  0 0 0  -2.2855680000e+02
24.1  1  5.0000  0.0000  -14.0000  0 0 0  0 0 0  -2.3063326532e+02
24.2  1  5.0000  0.0000  -14.0000  0 0 0  0 0 0  -2.3271540240e+02
24.3  1  5.0000  0.0000  -14.0000  0 0 0  0 0 0  -2.3480312266e+02
24.4  1  5.0000  0.0000  -14.0000  0 0 0  0 0 0  -2.3689633712e+02
24.5  1  5.0000  0.0000  -14.0000  0 0 0  0 0 0  -2.3899495642e+02
24.6  1  5.0000  0.0000  -14.0000  0 0 0  0 0 0  -2.4109889083e+02
24.7  1  5.0000  0.0000  -14.0000  0 0 0  0 0 0  -2.4320805025e+02
24.8  1  5.0000  0.0000  -14.0000  0 0 0  0 0 0  -2.4532234422e+02
24.9  1  5.0000  0.0000  -14.0000  0 0 0  0 0 0  -2.4744168193e+02
25.0  1  5.0000  0.0000  -14.0000  0 0 0  0 0 0  -2.4956597222e+02
25.1  1  5.0000  0.0000  -14.0000  0 0 0  0 0 0  -2.5169512360e+02
25.2  1  5.0000  0.0000  -14.0000  0 0 0  0 0 0  -2.5382904422e+02
25.3  1  5.0000  0.0000  -14.0000  0 0 0  0 0 0  -2.5596764194e+02
25.4  1  5.0000  0.0000  -14.0000  0 0 0  0 0 0  -2.5811082428e+02
25.5  1  5.0000  0.0000  -14.0000  0 0 0  0 0 0  -2.6025849844e+02
25.6  1  5.0000  0.0000  -14.0000  0 0 0  0 0 0  -2.6241057132e+02
25.7  1  5.0000  0.0000  -14.0000  0 0 0  0 0 0  -2.6456694953e+02
25.8  1  5.0000  0.0000  -14.0000  0 0 0  0 0 0  -2.6672753938e+02
25.9  1  5.0000  0.0000  -14.0000  0 0 0  0 0 0  -2.6889224688e+02
26.0  1  5.0000  0.0000  -14.0000  0 0 0  0 0 0  -2.7106097778e+02
26.1  1  5.0000  0.0000  -14.0000  0 0 0  0 0 0  -2.7323363754e+02
26.2  1  5.0000  0.0000  -14.0000  0 0 0  0 0 0  -2.7541013138e+02
26.3  1  5.0000  0.0000  -14.0000  0 0 0  0 0 0  -2.7759036422e+02
26.4  1  5.0000  0.0000  -14.0000  0 0 0  0 0 0  -2.7977424077e+02
26.5  1  5.0000  0.0000  -14.0000  0 0 0  0 0 0  -2.8196166545e+02
26.6  1  5.0000  0.0000  -14.0000  0 0 0  0 0 0  -2.8415254248e+02
26.7  1  5.0000  0.0000  -14.0000  0 0 0  0 0 0  -2.8634677581e+02
26.8  1  5.0000  0.0000  -14.0000  0 0 0  0 0 0  -2.8854426920e+02
26.9  1  5.0000  0.0000  -14.0000  0 0 0  0 0 0  -2.9074492616e+02
27.0  1  5.0000  0.0000  -14.0000  0 0 0  0 0 0  -2.9294865000e+02
27.1  1  5.0000  0.0000  -14.0000  0 0 0  0 0 0  -2.9515534383e+02
27.2  1  5.0000  0.0000  -14.0000  0 0 0  0 0 0  -2.9736491054e+02
27.3  1  5.0000  0.0000  -14.0000  0 0 0  0 0 0  -2.9957725284e+02
27.4  1  5.0000  0.0000  -14.0000  0 0 0  0 0 0  -3.0179227326e+02
27.5  1  5.0000  0.0000  -14.0000  0 0 0  0 0 0  -3.0400987413e+02
27.6  1  5.0000  0.0000  -14.0000  0 0 0  0 0 0  -3.0622995763e+02
27.7  1  5.0000  0.0000  -14.0000  0 0 0  0 0 0  -3.0845242576e+02
27.8  1  5.0000  0.0000  -14.0000  0 0 0  0 0 0  -3.1067718035e+02
27.9  1  5.0000  0.0000  -14.0000  0 0 0  0 0 0  -3.1290412311e+02
28.0  1  5.0000  0.0000  -14.0000  0 0 0  0 0 0  -3.1513315556e+02
28.1  1  5.0000  0.0000  -14.0000  0 0 0  0 0 0  -3.1736417911e+02
28.2  1  5.0000  0.0000  -14.0000  0 0 0  0 0 0  -3.1959709502e+02
28.3  1  5.0000  0.0000  -14.0000  0 0 0  0 0 0  -3.2183180445e+02
28.4  1  5.0000  0.0000  -14.0000  0 0 0  0 0 0  -3.2406820841e+02
28.5  1  5.0000  0.0000  -14.0000  0 0 0  0 0 0  -3.2630620781e+02
28.6  1  5.0000  0.0000  -14.0000  0 0 0  0 0 0  -3.2854570345e+02
28.7  1  5.0000  0.0000  -14.0000  0 0 0  0 0 0  -3.3078659604e+02
28.8  1  5.0000  0.0000  -14.0000  0 0 0  0 0 0  -3.3302878618e+02
28.9  1  5.0000  0.0000  -14.0000  0 0 0  0 0 0  -3.3527217439e+02
29.0  1  5.0000  0.0000  -14.0000  0 0 0  0 0 0  -3.3751666111e+02
29.1  1  5.0000  0.0000  -14.0000  0 0 0  0 0 0  -3.3976214672e+02
29.2  1  5.0000  0.0000  -14.0000  0 0 0  0 0 0  -3.4200853151e+02
29.3  1  5.0000  0.0000  -14.0000  0 0 0  0 0 0  -3.4425571573e+02
29.4  1  5.0000  0.0000  -14.0000  0 0 0  0 0 0  -3.4650359957e+02
29.5  1  5.0000  0.0000  -14.0000  0 0 0  0 0 0  -3.4875208316e+02
29.6  1  5.0000  0.0000  -14.0000  0 0 0  0 0 0  -3.5100106661e+02
29.7  1  5.0000  0.0000  -14.0000  0 0 0  0 0 0  -3.5325044999e+02
29.8  1  5.0000  0.0000  -14.0000  0 0 0  0 0 0  -3.5550013333e+02
29.9  1  5.0000  0.0000  -14.0000  0 0 0  0 0 0  -3.5775001667e+02
30.0  1  5.0000  0.0000  -14.0000  0 0 0  0 0 0  -3.6000000000e+02
30.1  1  5.0000  0.0000  -14.0000  0 0 0  0 0 0  -3.6224998333e+02
30.2  1  5.0000  0.0000  -14.0000  0 0 0  0 0 0  -3.6449986667e+02
30.3  1  5.0000  0.0000  -14.0000  0 0 0  0 0 0  -3.6674955001e+02
30.4  1  5.0000  0.0000  -14.0000  0 0 0  0 0 0  -3.6899893339e+02
30.5  1  5.0000  0.0000  -14.0000  0 0 0  0 0 0  -3.7124791684e+02
30.6  1  5.0000  0.0000  -14.0000  0 0 0  0 0 0  -3.7349640043e+02
30.7  1  5.0000  0.0000  -14.0000  0 0 0  0 0 0  -3.7574428427e+02
30.8  1  5.0000  0.0000  -14.0000  0 0 0  0 0 0  -3.7799146849e+02
30.9  1  5.0000  0.0000  -14.0000  0 0 0  0 0 0  -3.8023785328e+02
31.0  1  5.0000  0.0000  -14.0000  0 0 0  0 0 0  -3.8248333889e+02
31.1  1  5.0000  0.0000  -14.0000  0 0 0  0 0 0  -3.8472782561e+02
31.2  1  5.0000  0.0000  -14.0000  0 0 0  0 0 0  -3.8697121382e+02
31.3  1  5.0000  0.0000  -14.0000  0 0 0  0 0 0  -3.8921340396e+02
31.4  1  5.0000  0.0000  -14.0000  0 0 0  0 0 0  -3.9145429655e+02
31.5  1  5.0000  0.0000  -14.0000  0 0 0  0 0 0  -3.9369379219e+02
31.6  1  5.0000  0.0000  -14.0000  0 0 0  0 0 0  -3.9593179159e+02
31.7  1  5.0000  0.0000  -14.0000  0 0 0  0 0 0  -3.9816819555e+02
31.8  1  5.0000  0.0000  -14.0000  0 0 0  0 0 0  -4.0040290498e+02
31.9  1  5.0000  0.0000  -14.0000  0 0 0  0 0 0  -4.0263582089e+02
32.0  1  5.0000  0.0000  -14.0000  0 0 0  0 0 0  -4.0486684444e+02
32.1  1  5.0000  0.0000  -14.0000  0 0 0  0 0 0  -4.0709587689e+02
32.2  1  5.0000  0.0000  -14.0000  0 0 0  0 0 0  -4.0932281965e+02
32.3  1  5.0000  0.0000  -14.0000  0 0 0  0 0 0  -4.1154757424e+02
32.4  1  5.0000  0.0000  -14.0000  0 0 0  0 0 0  -4.1377004237e+02
32.5  1  5.0000  0.0000  -14.0000  0 0 0  0 0 0  -4.1599012587e+02
32.6  1  5.0000  0.0000  -14.0000  0 0 0  0 0 0  -4.1820772674e+02
32.7  1  5.0000  0.0000  -14.0000  0 0 0  0 0 0  -4.2042274716e+02
32.8  1  5.0000  0.0000  -14.0000  0 0 0  0 0 0  -4.2263508946e+02
32.9  1  5.0000  0.0000  -14.0000  0 0 0  0 0 0  -4.2484465617e+02
33.0  1  5.0000  0.0000  -14.0000  0 0 0  0 0 0  -4.2705135000e+02
33.1  1  5.0000  0.0000  -14.0000  0 0 0  0 0 0  -4.2925507384e+02
33.2  1  5.0000  0.0000  -14.0000  0 0 0  0 0 0  -4.3145573080e+02
33.3  1  5.0000  0.0000  -14.0000  0 0 0  0 0 0  -4.3365322419e+02
33.4  1  5.0000  0.0000  -14.0000  0 0 0  0 0 0  -4.3584745752e+02
33.5  1  5.0000  0.0000  -14.0000  0 0 0  0 0 0  -4.3803833455e+02
33.6  1  5.0000  0.0000  -14.0000  0 0 0  0 0 0  -4.4022575923e+02
33.7  1  5.0000  0.0000  -14.0000  0 0 0  0 0 0  -4.4240963578e+02
33.8  1  5.0000  0.0000  -14.0000  0 0 0  0 0 0  -4.4458986862e+02
33.9  1  5.0000  0.0000  -14.0000  0 0 0  0 0 0  -4.4676636246e+02
34.0  1  5.0000  0.0000  -14.0000  0 0 0  0 0 0  -4.4893902222e+02
34.1  1  5.0000  0.0000  -14.0000  0 0 0  0 0 0  -4.5110775312e+02
34.2  1  5.0000  0.0000  -14.0000  0 0 0  0 0 0  -4.5327246062e+02
34.3  1  5.0000  0.0000  -14.0000  0 0 0  0 0 0  -4.5543305047e+02
34.4  1  5.0000  0.0000  -14.0000  0 0 0  0 0 0  -4.5758942868e+02
34.5  1  5.0000  0.0000  -14.0000  0 0 0  0 0 0  -4.5974150156e+02
34.6  1  5.0000  0.0000  -14.0000  0 0 0  0 0 0  -4.6188917572e+02
34.7  1  5.0000  0.0000  -14.0000  0 0 0  0 0 0  -4.6403235806e+02
34.8  1  5.0000  0.0000  -14.0000  0 0 0  0 0 0  -4.6617095578e+02
34.9  1  5.0000  0.0000  -14.0000  0 0 0  0 0 0  -4.6830487640e+02
35.0  1  5.0000  0.0000  -14.0000  0 0 0  0 0 0  -4.7043402778e+02
35.1  1  5.0000  0.0000  -14.0000  0 0 0  0 0 0  -4.7255831807e+02
35.2  1  5.0000  0.0000  -14.0000  0 0 0  0 0 0  -4.7467765578e+02
35.3  1  5.0000  0.0000  -14.0000  0 0 0  0 0 0  -4.7679194975e+02
35.4  1  5.0000  0.0000  -14.0000  0 0 0  0 0 0  -4.7890110917e+02
35.5  1  5.0000  0.0000  -14.0000  0 0 0  0 0 0  -4.8100504358e+02
35.6  1  5.0000  0.0000  -14.0000  0 0 0  0 0 0  -4.8310366288e+02
35.7  1  5.0000  0.0000  -14.0000  0 0 0  0 0 0  -4.8519687734e+02
35.8  1  5.0000  0.0000  -14.0000  0 0 0  0 0 0  -4.8728459760e+02
35.9  1  5.0000  0.0000  -14.0000  0 0 0  0 0 0  -4.8936673468e+02
36.0  1  5.0000  0.0000  -14.0000  0 0 0  0 0 0  -4.9144320000e+02
36.1  1  5.0000  0.0000  -14.0000  0 0 0  0 0 0  -4.9351390535e+02
36.2  1  5.0000  0.0000  -14.0000  0 0 0  0 0 0  -4.9557876294e+02
36.3  1  5.0000  0.0000  -14.0000  0 0 0  0 0 0  -4.9763768536e+02
36.4  1  5.0000  0.0000  -14.0000  0 0 0  0 0 0  -4.9969058566e+02
36.5  1  5.0000  0.0000  -14.0000  0 0 0  0 0 0  -5.0173737726e+02
36.6  1  5.0000  0.0000  -14.0000  0 0 0  0 0 0  -5.0377797403e+02
36.7  1  5.0000  0.0000  -14.0000  0 0 0  0 0 0  -5.0581229028e+02
36.8  1  5.0000  0.0000  -14.0000  0 0 0  0 0 0  -5.0784024075e+02
36.9  1  5.0000  0.0000  -14.0000  0 0 0  0 0 0  -5.0986174063e+02
37.0  1  5.0000  0.0000  -14.0000  0 0 0  0 0 0  -5.1187670556e+02
37.1  1  5.0000  0.0000  -14.0000  0 0 0  0 0 0  -5.1388505163e+02
37.2  1  5.0000  0.0000  -14.0000  0 0 0  0 0 0  -5.1588669542e+02
37.3  1  5.0000  0.0000  -14.0000  0 0 0  0 0 0  -5.1788155398e+02
37.4  1  5.0000  0.0000  -14.0000  0 0 0  0 0 0  -5.1986954481e+02
37.5  1  5.0000  0.0000  -14.0000  0 0 0  0 0 0  -5.2185058594e+02
37.6  1  5.0000  0.0000  -14.0000  0 0 0  0 0 0  -5.2382459585e+02
37.7  1  5.0000  0.0000  -14.0000  0 0 0  0 0 0  -5.2579149356e+02
37.8  1  5.0000  0.0000  -14.0000  0 0 0  0 0 0  -5.2775119858e+02
37.9  1  5.0000  0.0000  -14.0000  0 0 0  0 0 0  -5.2970363091e+02
38.0  1  5.0000  0.0000  -14.0000  0 0 0  0 0 0  -5.3164871111e+02
38.1  1  5.0000  0.0000  -14.0000  0 0 0  0 0 0  -5.3358636024e+02
38.2  1  5.0000  0.0000  -14.0000  0 0 0  0 0 0  -5.3551649991e+02
38.3  1  5.0000  0.0000  -14.0000  0 0 0  0 0 0  -5.3743905226e+02
38.4  1  5.0000  0.0000  -14.0000  0 0 0  0 0 0  -5.3935393997e+02
38.5  1  5.0000  0.0000  -14.0000  0 0 0  0 0 0  -5.4126108628e+02
38.6  1  5.0000  0.0000  -14.0000  0 0 0  0 0 0  -5.4316041501e+02
38.7  1  5.0000  0.0000  -14.0000  0 0 0  0 0 0  -5.4505185051e+02
38.8  1  5.0000  0.0000  -14.0000  0 0 0  0 0 0  -5.4693531773e+02
38.9  1  5.0000  0.0000  -14.0000  0 0 0  0 0 0  -5.4881074219e+02
39.0  1  5.0000  0.0000  -14.0000  0 0 0  0 0 0  -5.5067805000e+02
39.1  1  5.0000  0.0000  -14.0000  0 0 0  0 0 0  -5.5253716786e+02
39.2  1  5.0000  0.0000  -14.0000  0 0 0  0 0 0  -5.5438802307e+02
39.3  1  5.0000  0.0000  -14.0000  0 0 0  0 0 0  -5.5623054354e+02
39.4  1  5.0000  0.0000  -14.0000  0 0 0  0 0 0  -5.5806465779e+02
39.5  1  5.0000  0.0000  -14.0000  0 0 0  0 0 0  -5.5989029497e+02
39.6  1  5.0000  0.0000  -14.0000  0 0 0  0 0 0  -5.6170738483e+02
39.7  1  5.0000  0.0000  -14.0000  0 0 0  0 0 0  -5.6351585779e+02
39.8  1  5.0000  0.0000  -14.0000  0 0 0  0 0 0  -5.6531564489e+02
39.9  1  5.0000  0.0000  -14.0000  0 0 0  0 0 0  -5.6710667781e+02
40.0  1  5.0000  0.0000  -14.0000  0 0 0  0 0 0  -5.6888888889e+02
40.1  1  5.0000  0.0000  -14.0000  0 0 0  0 0 0  -5.7066221114e+02
40.2  1  5.0000  0.0000  -14.0000  0 0 0  0 0 0  -5.7242657822e+02
40.3  1  5.0000  0.0000  -14.0000  0 0 0  0 0 0  -5.7418192449e+02
40.4  1  5.0000  0.0000  -14.0000  0 0 0  0 0 0  -5.7592818495e+02
40.5  1  5.0000  0.0000  -14.0000  0 0 0  0 0 0  -5.7766529531e+02
40.6  1  5.0000  0.0000  -14.0000  0 0 0  0 0 0  -5.7939319199e+02
40.7  1  5.0000  0.0000  -14.0000  0 0 0  0 0 0  -5.8111181207e+02
40.8  1  5.0000  0.0000  -14.0000  0 0 0  0 0 0  -5.8282109338e+02
40.9  1  5.0000  0.0000  -14.0000  0 0 0  0 0 0  -5.8452097442e+02
41.0  1  5.0000  0.0000  -14.0000  0 0 0  0 0 0  -5.8621139444e+02
41.1  1  5.0000  0.0000  -14.0000  0 0 0  0 0 0  -5.8789229342e+02
41.2  1  5.0000  0.0000  -14.0000  0 0 0  0 0 0  -5.8956361205e+02
41.3  1  5.0000  0.0000  -14.0000  0 0 0  0 0 0  -5.9122529177e+02
41.4  1  5.0000  0.0000  -14.0000  0 0 0  0 0 0  -5.9287727477e+02
41.5  1  5.0000  0.0000  -14.0000  0 0 0  0 0 0  -5.9451950399e+02
41.6  1  5.0000  0.0000  -14.0000  0 0 0  0 0 0  -5.9615192314e+02
41.7  1  5.0000  0.0000  -14.0000  0 0 0  0 0 0  -5.9777447669e+02
41.8  1  5.0000  0.0000  -14.0000  0 0 0  0 0 0  -5.9938710986e+02
41.9  1  5.0000  0.0000  -14.0000  0 0 0  0 0 0  -6.0098976870e+02
42.0  1  5.0000  0.0000  -14.0000  0 0 0  0 0 0  -6.0258240000e+02
42.1  1  5.0000  0.0000  -14.0000  0 0 0  0 0 0  -6.0416495137e+02
42.2  1  5.0000  0.0000  -14.0000  0 0 0  0 0 0  -6.0573737120e+02
42.3  1  5.0000  0.0000  -14.0000  0 0 0  0 0 0  -6.0729960871e+02
42.4  1  5.0000  0.0000  -14.0000  0 0 0  0 0 0  -6.0885161392e+02
42.5  1  5.0000  0.0000  -14.0000  0 0 0  0 0 0  -6.1039333767e+02
42.6  1  5.0000  0.0000  -14.0000  0 0 0  0 0 0  -6.1192473163e+02
42.7  1  5.0000  0.0000  -14.0000  0 0 0  0 0 0  -6.1344574830e+02
42.8  1  5.0000  0.0000  -14.0000  0 0 0  0 0 0  -6.1495634102e+02
42.9  1  5.0000  0.0000  -14.0000  0 0 0  0 0 0  -6.1645646398e+02
43.0  1  5.0000  0.0000  -14.0000  0 0 0  0 0 0  -6.1794607222e+02
43.1  1  5.0000  0.0000  -14.0000  0 0 0  0 0 0  -6.1942512165e+02
43.2  1  5.0000  0.0000  -14.0000  0 0 0  0 0 0  -6.2089356902e+02
43.3  1  5.0000  0.0000  -14.0000  0 0 0  0 0 0  -6.2235137199e+02
43.4  1  5.0000  0.0000  -14.0000  0 0 0  0 0 0  -6.2379848908e+02
43.5  1  5.0000  0.0000  -14.0000  0 0 0  0 0 0  -6.2523487969e+02
43.6  1  5.0000  0.0000  -14.0000  0 0 0  0 0 0  -6.2666050412e+02
43.7  1  5.0000  0.0000  -14.0000  0 0 0  0 0 0  -6.2807532358e+02
43.8  1  5.0000  0.0000  -14.0000  0 0 0  0 0 0  -6.2947930018e+02
43.9  1  5.0000  0.0000  -14.0000  0 0 0  0 0 0  -6.3087239693e+02
44.0  1  5.0000  0.0000  -14.0000  0 0 0  0 0 0  -6.3225457778e+02
44.1  1  5.0000  0.0000  -14.0000  0 0 0  0 0 0  -6.3362580759e+02
44.2  1  5.0000  0.0000  -14.0000  0 0 0  0 0 0  -6.3498605218e+02
44.3  1  5.0000  0.0000  -14.0000  0 0 0  0 0 0  -6.3633527827e+02
44.4  1  5.0000  0.0000  -14.0000  0 0 0  0 0 0  -6.3767345357e+02
44.5  1  5.0000  0.0000  -14.0000  0 0 0  0 0 0  -6.3900054670e+02
44.6  1  5.0000  0.0000  -14.0000  0 0 0  0 0 0  -6.4031652728e+02
44.7  1  5.0000  0.0000  -14.0000  0 0 0  0 0 0  -6.4162136586e+02
44.8  1  5.0000  0.0000  -14.0000  0 0 0  0 0 0  -6.4291503400e+02
44.9  1  5.0000  0.0000  -14.0000  0 0 0  0 0 0  -6.4419750421e+02
45.0  1  5.0000  0.0000  -14.0000  0 0 0  0 0 0  -6.4546875000e+02
45.1  1  5.0000  0.0000  -14.0000  0 0 0  0 0 0  -6.4672874588e+02
45.2  1  5.0000  0.0000  -14.0000  0 0 0  0 0 0  -6.4797746734e+02
45.3  1  5.0000  0.0000  -14.0000  0 0 0  0 0 0  -6.4921489089e+02
45.4  1  5.0000  0.0000  -14.0000  0 0 0  0 0 0  -6.5044099406e+02
45.5  1  5.0000  0.0000  -14.0000  0 0 0  0 0 0  -6.5165575538e+02
45.6  1  5.0000  0.0000  -14.0000  0 0 0  0 0 0  -6.5285915443e+02
45.7  1  5.0000  0.0000  -14.0000  0 0 0  0 0 0  -6.5405117181e+02
45.8  1  5.0000  0.0000  -14.0000  0 0 0  0 0 0  -6.5523178915e+02
45.9  1  5.0000  0.0000  -14.0000  0 0 0  0 0 0  -6.5640098916e+02
46.0  1  5.0000  0.0000  -14.0000  0 0 0  0 0 0  -6.5755875556e+02
46.1  1  5.0000  0.0000  -14.0000  0 0 0  0 0 0  -6.5870507316e+02
46.2  1  5.0000  0.0000  -14.0000  0 0 0  0 0 0  -6.5983992782e+02
46.3  1  5.0000  0.0000  -14.0000  0 0 0  0 0 0  -6.6096330650e+02
46.4  1  5.0000  0.0000  -14.0000  0 0 0  0 0 0  -6.6207519721e+02
46.5  1  5.0000  0.0000  -14.0000  0 0 0  0 0 0  -6.6317558906e+02
46.6  1  5.0000  0.0000  -14.0000  0 0 0  0 0 0  -6.6426447225e+02
46.7  1  5.0000  0.0000  -14.0000  0 0 0  0 0 0  -6.6534183809e+02
46.8  1  5.0000  0.0000  -14.0000  0 0 0  0 0 0  -6.6640767898e+02
46.9  1  5.0000  0.0000  -14.0000  0 0 0  0 0 0  -6.6746198844e+02
47.0  1  5.0000  0.0000  -14.0000  0 0 0  0 0 0  -6.6850476111e+02
47.1  1  5.0000  0.0000  -14.0000  0 0 0  0 0 0  -6.6953599277e+02
47.2  1  5.0000  0.0000  -14.0000  0 0 0  0 0 0  -6.7055568031e+02
47.3  1  5.0000  0.0000  -14.0000  0 0 0  0 0 0  -6.7156382178e+02
47.4  1  5.0000  0.0000  -14.0000  0 0 0  0 0 0  -6.7256041637e+02
47.5  1  5.0000  0.0000  -14.0000  0 0 0  0 0 0  -6.7354546441e+02
47.6  1  5.0000  0.0000  -14.0000  0 0 0  0 0 0  -6.7451896741e+02
47.7  1  5.0000  0.0000  -14.0000  0 0 0  0 0 0  -6.7548092804e+02
47.8  1  5.0000  0.0000  -14.0000  0 0 0  0 0 0  -6.7643135013e+02
47.9  1  5.0000  0.0000  -14.0000  0 0 0  0 0 0  -6.7737023872e+02
48.0  1  5.0000  0.0000  -14.0000  0 0 0  0 0 0  -6.7829760000e+02
48.1  1  5.0000  0.0000  -14.0000  0 0 0  0 0 0  -6.7921344138e+02
48.2  1  5.0000  0.0000  -14.0000  0 0 0  0 0 0  -6.8011777147e+02
48.3  1  5.0000  0.0000  -14.0000  0 0 0  0 0 0  -6.8101060006e+02
48.4  1  5.0000  0.0000  -14.0000  0 0 0  0 0 0  -6.8189193819e+02
48.5  1  5.0000  0.0000  -14.0000  0 0 0  0 0 0  -6.8276179809e+02
48.6  1  5.0000  0.0000  -14.0000  0 0 0  0 0 0  -6.8362019323e+02
48.7  1  5.0000  0.0000  -14.0000  0 0 0  0 0 0  -6.8446713832e+02
48.8  1  5.0000  0.0000  -14.0000  0 0 0  0 0 0  -6.8530264929e+02
48.9  1  5.0000  0.0000  -14.0000  0 0 0  0 0 0  -6.8612674333e+02
49.0  1  5.0000  0.0000  -14.0000  0 0 0  0 0 0  -6.8693943889e+02
49.1  1  5.0000  0.0000  -14.0000  0 0 0  0 0 0  -6.8774075566e+02
49.2  1  5.0000  0.0000  -14.0000  0 0 0  0 0 0  -6.8853071462e+02
49.3  1  5.0000  0.0000  -14.0000  0 0 0  0 0 0  -6.8930933801e+02
49.4  1  5.0000  0.0000  -14.0000  0 0 0  0 0 0  -6.9007664935e+02
49.5  1  5.0000  0.0000  -14.0000  0 0 0  0 0 0  -6.9083267344e+02
49.6  1  5.0000  0.0000  -14.0000  0 0 0  0 0 0  -6.9157743639e+02
49.7  1  5.0000  0.0000  -14.0000  0 0 0  0 0 0  -6.9231096560e+02
49.8  1  5.0000  0.0000  -14.0000  0 0 0  0 0 0  -6.9303328978e+02
49.9  1  5.0000  0.0000  -14.0000  0 0 0  0 0 0  -6.9374443894e+02
50.0  1  5.0000  0.0000  -14.0000  0 0 0  0 0 0  -6.9444444444e+02
50.1  1  5.0000  0.0000  -14.0000  0 0 0  0 0 0  -6.9513333894e+02
50.2  1  5.0000  0.0000  -14.0000  0 0 0  0 0 0  -6.9581115645e+02
50.3  1  5.0000  0.0000  -14.0000  0 0 0  0 0 0  -6.9647793229e+02
50.4  1  5.0000  0.0000  -14.0000  0 0 0  0 0 0  -6.9713370317e+02
50.5  1  5.0000  0.0000  -14.0000  0 0 0  0 0 0  -6.9777850712e+02
50.6  1  5.0000  0.0000  -14.0000  0 0 0  0 0 0  -6.9841238354e+02
50.7  1  5.0000  0.0000  -14.0000  0 0 0  0 0 0  -6.9903537321e+02
50.8  1  5.0000  0.0000  -14.0000  0 0 0  0 0 0  -6.9964751826e+02
50.9  1  5.0000  0.0000  -14.0000  0 0 0  0 0 0  -7.0024886222e+02
51.0  1  5.0000  0.0000  -14.0000  0 0 0  0 0 0  -7.0083945000e+02
51.1  1  5.0000  0.0000  -14.0000  0 0 0  0 0 0  -7.0141932789e+02
51.2  1  5.0000  0.0000  -14.0000  0 0 0  0 0 0  -7.0198854360e+02
51.3  1  5.0000  0.0000  -14.0000  0 0 0  0 0 0  -7.0254714624e+02
51.4  1  5.0000  0.0000  -14.0000  0 0 0  0 0 0  -7.0309518632e+02
51.5  1  5.0000  0.0000  -14.0000  0 0 0  0 0 0  -7.0363271580e+02
51.6  1  5.0000  0.0000  -14.0000  0 0 0  0 0 0  -7.0415978803e+02
51.7  1  5.0000  0.0000  -14.0000  0 0 0  0 0 0  -7.0467645783e+02
51.8  1  5.0000  0.0000  -14.0000  0 0 0  0 0 0  -7.0518278142e+02
51.9  1  5.0000  0.0000  -14.0000  0 0 0  0 0 0  -7.0567881651e+02
52.0  1  5.0000  0.0000  -14.0000  0 0 0  0 0 0  -7.0616462222e+02
52.1  1  5.0000  0.0000  -14.0000  0 0 0  0 0 0  -7.0664025917e+02
52.2  1  5.0000  0.0000  -14.0000  0 0 0  0 0 0  -7.0710578942e+02
52.3  1  5.0000  0.0000  -14.0000  0 0 0  0 0 0  -7.0756127652e+02
52.4  1  5.0000  0.0000  -14.0000  0 0 0  0 0 0  -7.0800678548e+02
52.5  1  5.0000  0.0000  -14.0000  0 0 0  0 0 0  -7.0844238281e+02
52.6  1  5.0000  0.0000  -14.0000  0 0 0  0 0 0  -7.0886813652e+02
52.7  1  5.0000  0.0000  -14.0000  0 0 0  0 0 0  -7.0928411611e+02
52.8  1  5.0000  0.0000  -14.0000  0 0 0  0 0 0  -7.0969039258e+02
52.9  1  5.0000  0.0000  -14.0000  0 0 0  0 0 0  -7.1008703845e+02
53.0  1  5.0000  0.0000  -14.0000  0 0 0  0 0 0  -7.1047412778e+02
53.1  1  5.0000  0.0000  -14.0000  0 0 0  0 0 0  -7.1085173612e+02
53.2  1  5.0000  0.0000  -14.0000  0 0 0  0 0 0  -7.1121994058e+02
53.3  1  5.0000  0.0000  -14.0000  0 0 0  0 0 0  -7.1157881980e+02
53.4  1  5.0000  0.0000  -14.0000  0 0 0  0 0 0  -7.1192845397e+02
53.5  1  5.0000  0.0000  -14.0000  0 0 0  0 0 0  -7.1226892483e+02
53.6  1  5.0000  0.0000  -14.0000  0 0 0  0 0 0  -7.1260031568e+02
53.7  1  5.0000  0.0000  -14.0000  0 0 0  0 0 0  -7.1292271139e+02
53.8  1  5.0000  0.0000  -14.0000  0 0 0  0 0 0  -7.1323619840e+02
53.9  1  5.0000  0.0000  -14.0000  0 0 0  0 0 0  -7.1354086473e+02
54.0  1  5.0000  0.0000  -14.0000  0 0 0  0 0 0  -7.1383680000e+02
54.1  1  5.0000  0.0000  -14.0000  0 0 0  0 0 0  -7.1412409540e+02
54.2  1  5.0000  0.0000  -14.0000  0 0 0  0 0 0  -7.1440284374e+02
54.3  1  5.0000  0.0000  -14.0000  0 0 0  0 0 0  -7.1467313941e+02
54.4  1  5.0000  0.0000  -14.0000  0 0 0  0 0 0  -7.1493507846e+02
54.5  1  5.0000  0.0000  -14.0000  0 0 0  0 0 0  -7.1518875851e+02
54.6  1  5.0000  0.0000  -14.0000  0 0 0  0 0 0  -7.1543427883e+02
54.7  1  5.0000  0.0000  -14.0000  0 0 0  0 0 0  -7.1567174033e+02
54.8  1  5.0000  0.0000  -14.0000  0 0 0  0 0 0  -7.1590124555e+02
54.9  1  5.0000  0.0000  -14.0000  0 0 0  0 0 0  -7.1612289868e+02
55.0  1  5.0000  0.0000  -14.0000  0 0 0  0 0 0  -7.1633680556e+02
55.1  1  5.0000  0.0000  -14.0000  0 0 0  0 0 0  -7.1654307368e+02
55.2  1  5.0000  0.0000  -14.0000  0 0 0  0 0 0  -7.1674181222e+02
55.3  1  5.0000  0.0000  -14.0000  0 0 0  0 0 0  -7.1693313203e+02
55.4  1  5.0000  0.0000  -14.0000  0 0 0  0 0 0  -7.1711714561e+02
55.5  1  5.0000  0.0000  -14.0000  0 0 0  0 0 0  -7.1729396719e+02
55.6  1  5.0000  0.0000  -14.0000  0 0 0  0 0 0  -7.1746371265e+02
55.7  1  5.0000  0.0000  -14.0000  0 0 0  0 0 0  -7.1762649961e+02
55.8  1  5.0000  0.0000  -14.0000  0 0 0  0 0 0  -7.1778244738e+02
55.9  1  5.0000  0.0000  -14.0000  0 0 0  0 0 0  -7.1793167696e+02
56.0  1  5.0000  0.0000  -14.0000  0 0 0  0 0 0  -7.1807431111e+02
56.1  1  5.0000  0.0000  -14.0000  0 0 0  0 0 0  -7.1821047429e+02
56.2  1  5.0000  0.0000  -14.0000  0 0 0  0 0 0  -7.1834029271e+02
56.3  1  5.0000  0.0000  -14.0000  0 0 0  0 0 0  -7.1846389431e+02
56.4  1  5.0000  0.0000  -14.0000  0 0 0  0 0 0  -7.1858140877e+02
56.5  1  5.0000  0.0000  -14.0000  0 0 0  0 0 0  -7.1869296753e+02
56.6  1  5.0000  0.0000  -14.0000  0 0 0  0 0 0  -7.1879870381e+02
56.7  1  5.0000  0.0000  -14.0000  0 0 0  0 0 0  -7.1889875256e+02
56.8  1  5.0000  0.0000  -14.0000  0 0 0  0 0 0  -7.1899325053e+02
56.9  1  5.0000  0.0000  -14.0000  0 0 0  0 0 0  -7.1908233624e+02
57.0  1  5.0000  0.0000  -14.0000  0 0 0  0 0 0  -7.1916615000e+02
57.1  1  5.0000  0.0000  -14.0000  0 0 0  0 0 0  -7.1924483391e+02
57.2  1  5.0000  0.0000  -14.0000  0 0 0  0 0 0  -7.1931853187e+02
57.3  1  5.0000  0.0000  -14.0000  0 0 0  0 0 0  -7.1938738959e+02
57.4  1  5.0000  0.0000  -14.0000  0 0 0  0 0 0  -7.1945155459e+02
57.5  1  5.0000  0.0000  -14.0000  0 0 0  0 0 0  -7.1951117622e+02
57.6  1  5.0000  0.0000  -14.0000  0 0 0  0 0 0  -7.1956640563e+02
57.7  1  5.0000  0.0000  -14.0000  0 0 0  0 0 0  -7.1961739584e+02
57.8  1  5.0000  0.0000  -14.0000  0 0 0  0 0 0  -7.1966430169e+02
57.9  1  5.0000  0.0000  -14.0000  0 0 0  0 0 0  -7.1970727986e+02
58.0  1  5.0000  0.0000  -14.0000  0 0 0  0 0 0  -7.1974648889e+02
58.1  1  5.0000  0.0000  -14.0000  0 0 0  0 0 0  -7.1978208919e+02
58.2  1  5.0000  0.0000  -14.0000  0 0 0  0 0 0  -7.1981424302e+02
58.3  1  5.0000  0.0000  -14.0000  0 0 0  0 0 0  -7.1984311454e+02
58.4  1  5.0000  0.0000  -14.0000  0 0 0  0 0 0  -7.1986886975e+02
58.5  1  5.0000  0.0000  -14.0000  0 0 0  0 0 0  -7.1989167656e+02
58.6  1  5.0000  0.0000  -14.0000  0 0 0  0 0 0  -7.1991170479e+02
58.7  1  5.0000  0.0000  -14.0000  0 0 0  0 0 0  -7.1992912612e+02
58.8  1  5.0000  0.0000  -14.0000  0 0 0  0 0 0  -7.1994411418e+02
58.9  1  5.0000  0.0000  -14.0000  0 0 0  0 0 0  -7.1995684447e+02
59.0  1  5.0000  0.0000  -14.0000  0 0 0  0 0 0  -7.1996749444e+02
59.1  1  5.0000  0.0000  -14.0000  0 0 0  0 0 0  -7.1997624347e+02
59.2  1  5.0000  0.0000  -14.0000  0 0 0  0 0 0  -7.1998327285e+02
59.3  1  5.0000  0.0000  -14.0000  0 0 0  0 0 0  -7.1998876582e+02
59.4  1  5.0000  0.0000  -14.0000  0 0 0  0 0 0  -7.1999290757e+02
59.5  1  5.0000  0.0000  -14.0000  0 0 0  0 0 0  -7.1999588524e+02
59.6  1  5.0000  0.0000  -14.0000  0 0 0  0 0 0  -7.1999788794e+02
59.7  1  5.0000  0.0000  -14.0000  0 0 0  0 0 0  -7.1999910674e+02
59.8  1  5.0000  0.0000  -14.0000  0 0 0  0 0 0  -7.1999973466e+02
59.9  1  5.0000  0.0000  -14.0000  0 0 0  0 0 0  -7.1999996675e+02
60.0  1  5.0000  0.0000  -14.0000  0 0 0  0 0 0  -7.2000000000e+02
60.1  1  5.0000  0.0000  -14.0000  0 0 0  0 0 0  -7.2000000000e+02
60.2  1  5.0000  0.0000  -14.0000  0 0 0  0 0 0  -7.2000000000e+02
60.3  1  5.0000  0.0000  -14.0000  0 0 0  0 0 0  -7.2000000000e+02
60.4  1  5.0000  0.0000  -14.0000  0 0 0  0 0 0  -7.2000000000e+02
60.5  1  5.0000  0.0000  -14.0000  0 0 0  0 0 0  -7.2000000000e+02
60.6  1  5.0000  0.0000  -14.0000  0 0 0  0 0 0  -7.2000000000e+02
60.7  1  5.0000  0.0000  -14.0000  0 0 0  0 0 0  -7.2000000000e+02
60.8  1  5.0000  0.0000  -14.0000  0 0 0  0 0 0  -7.2000000000e+02
60.9  1  5.0000  0.0000  -14.0000  0 0 0  0 0 0  -7.2000000000e+02
61.0  1  5.0000  0.0000  -14.0000  0 0 0  0 0 0  -7.2000000000e+02
61.1  1  5.0000  0.0000  -14.0000  0 0 0  0 0 0  -7.2000000000e+02
61.2  1  5.0000  0.0000  -14.0000  0 0 0  0 0 0  -7.2000000000e+02
61.3  1  5.0000  0.0000  -14.0000  0 0 0  0 0 0  -7.2000000000e+02
61.4  1  5.0000  0.0000  -14.0000  0 0 0  0 0 0  -7.2000000000e+02
61.5  1  5.0000  0.0000  -14.0000  0 0 0  0 0 0  -7.2000000000e+02
61.6  1  5.0000  0.0000  -14.0000  0 0 0  0 0 0  -7.2000000000e+02
61.7  1  5.0000  0.0000  -14.0000  0 0 0  0 0 0  -7.2000000000e+02
61.8  1  5.0000  0.0000  -14.0000  0 0 0  0 0 0  -7.2000000000e+02
61.9  1  5.0000  0.0000  -14.0000  0 0 0  0 0 0  -7.2000000000e+02
62.0  1  5.0000  0.0000  -14.0000  0 0 0  0 0 0  -7.2000000000e+02
62.1  1  5.0000  0.0000  -14.0000  0 0 0  0 0 0  -7.2000000000e+02
62.2  1  5.0000  0.0000  -14.0000  0 0 0  0 0 0  -7.2000000000e+02
62.3  1  5.0000  0.0000  -14.0000  0 0 0  0 0 0  -7.2000000000e+02
62.4  1  5.0000  0.0000  -14.0000  0 0 0  0 0 0  -7.2000000000e+02
62.5  1  5.0000  0.0000  -14.0000  0 0 0  0 0 0  -7.2000000000e+02
62.6  1  5.0000  0.0000  -14.0000  0 0 0  0 0 0  -7.2000000000e+02
62.7  1  5.0000  0.0000  -14.0000  0 0 0  0 0 0  -7.2000000000e+02
62.8  1  5.0000  0.0000  -14.0000  0 0 0  0 0 0  -7.2000000000e+02
62.9  1  5.0000  0.0000  -14.0000  0 0 0  0 0 0  -7.2000000000e+02
63.0  1  5.0000  0.0000  -14.0000  0 0 0  0 0 0  -7.2000000000e+02
63.1  1  5.0000  0.0000  -14.0000  0 0 0  0 0 0  -7.2000000000e+02
63.2  1  5.0000  0.0000  -14.0000  0 0 0  0 0 0  -7.2000000000e+02
63.3  1  5.0000  0.0000  -14.0000  0 0 0  0 0 0  -7.2000000000e+02
63.4  1  5.0000  0.0000  -14.0000  0 0 0  0 0 0  -7.2000000000e+02
63.5  1  5.0000  0.0000  -14.0000  0 0 0  0 0 0  -7.2000000000e+02
63.6  1  5.0000  0.0000  -14.0000  0 0 0  0 0 0  -7.2000000000e+02
63.7  1  5.0000  0.0000  -14.0000  0 0 0  0 0 0  -7.2000000000e+02
63.8  1  5.0000  0.0000  -14.0000  0 0 0  0 0 0  -7.2000000000e+02
63.9  1  5.0000  0.0000  -14.0000  0 0 0  0 0 0  -7.2000000000e+02
64.0  1  5.0000  0.0000  -14.0000  0 0 0  0 0 0  -7.2000000000e+02
64.1  1  5.0000  0.0000  -14.0000  0 0 0  0 0 0  -7.2000000000e+02
64.2  1  5.0000  0.0000  -14.0000  0 0 0  0 0 0  -7.2000000000e+02
64.3  1  5.0000  0.0000  -14.0000  0 0 0  0 0 0  -7.2000000000e+02
64.4  1  5.0000  0.0000  -14.0000  0 0 0  0 0 0  -7.2000000000e+02
64.5  1  5.0000  0.0000  -14.0000  0 0 0  0 0 0  -7.2000000000e+02
64.6  1  5.0000  0.0000  -14.0000  0 0 0  0 0 0  -7.2000000000e+02
64.7  1  5.0000  0.0000  -14.0000  0 0 0  0 0 0  -7.2000000000e+02
64.8  1  5.0000  0.0000  -14.0000  0 0 0  0 0 0  -7.2000000000e+02
64.9  1  5.0000  0.0000  -14.0000  0 0 0  0 0 0  -7.2000000000e+02
65.0  1  5.0000  0.0000  -14.0000  0 0 0  0 0 0  -7.2000000000e+02
65.1  1  5.0000  0.0000  -14.0000  0 0 0  0 0 0  -7.2000000000e+02
65.2  1  5.0000  0.0000  -14.0000  0 0 0  0 0 0  -7.2000000000e+02
65.3  1  5.0000  0.0000  -14.0000  0 0 0  0 0 0  -7.2000000000e+02
65.4  1  5.0000  0.0000  -14.0000  0 0 0  0 0 0  -7.2000000000e+02
65.5  1  5.0000  0.0000  -14.0000  0 0 0  0 0 0  -7.2000000000e+02
65.6  1  5.0000  0.0000  -14.0000  0 0 0  0 0 0  -7.2000000000e+02
65.7  1  5.0000  0.0000  -14.0000  0 0 0  0 0 0  -7.2000000000e+02
65.8  1  5.0000  0.0000  -14.0000  0 0 0  0 0 0  -7.2000000000e+02
65.9  1  5.0000  0.0000  -14.0000  0 0 0  0 0 0  -7.2000000000e+02
66.0  1  5.0000  0.0000  -14.0000  0 0 0  0 0 0  -7.2000000000e+02
66.1  1  5.0000  0.0000  -14.0000  0 0 0  0 0 0  -7.2000000000e+02
66.2  1  5.0000  0.0000  -14.0000  0 0 0  0 0 0  -7.2000000000e+02
66.3  1  5.0000  0.0000  -14.0000  0 0 0  0 0 0  -7.2000000000e+02
66.4  1  5.0000  0.0000  -14.0000  0 0 0  0 0 0  -7.2000000000e+02
66.5  1  5.0000  0.0000  -14.0000  0 0 0  0 0 0  -7.2000000000e+02
66.6  1  5.0000  0.0000  -14.0000  0 0 0  0 0 0  -7.2000000000e+02
66.7  1  5.0000  0.0000  -14.0000  0 0 0  0 0 0  -7.2000000000e+02
66.8  1  5.0000  0.0000  -14.0000  0 0 0  0 0 0  -7.2000000000e+02
66.9  1  5.0000  0.0000  -14.0000  0 0 0  0 0 0  -7.2000000000e+02
67.0  1  5.0000  0.0000  -14.0000  0 0 0  0 0 0  -7.2000000000e+02
67.1  1  5.0000  0.0000  -14.0000  0 0 0  0 0 0  -7.2000000000e+02
67.2  1  5.0000  0.0000  -14.0000  0 0 0  0 0 0  -7.2000000000e+02
67.3  1  5.0000  0.0000  -14.0000  0 0 0  0 0 0  -7.2000000000e+02
67.4  1  5.0000  0.0000  -14.0000  0 0 0  0 0 0  -7.2000000000e+02
67.5  1  5.0000  0.0000  -14.0000  0 0 0  0 0 0  -7.2000000000e+02
67.6  1  5.0000  0.0000  -14.0000  0 0 0  0 0 0  -7.2000000000e+02
67.7  1  5.0000  0.0000  -14.0000  0 0 0  0 0 0  -7.2000000000e+02
67.8  1  5.0000  0.0000  -14.0000  0 0 0  0 0 0  -7.2000000000e+02
67.9  1  5.0000  0.0000  -14.0000  0 0 0  0 0 0  -7.2000000000e+02
68.0  1  5.0000  0.0000  -14.0000  0 0 0  0 0 0  -7.2000000000e+02
68.1  1  5.0000  0.0000  -14.0000  0 0 0  0 0 0  -7.2000000000e+02
68.2  1  5.0000  0.0000  -14.0000  0 0 0  0 0 0  -7.2000000000e+02
68.3  1  5.0000  0.0000  -14.0000  0 0 0  0 0 0  -7.2000000000e+02
68.4  1  5.0000  0.0000  -14.0000  0 0 0  0 0 0  -7.2000000000e+02
68.5  1  5.0000  0.0000  -14.0000  0 0 0  0 0 0  -7.2000000000e+02
68.6  1  5.0000  0.0000  -14.0000  0 0 0  0 0 0  -7.2000000000e+02
68.7  1  5.0000  0.0000  -14.0000  0 0 0  0 0 0  -7.2000000000e+02
68.8  1  5.0000  0.0000  -14.0000  0 0 0  0 0 0  -7.2000000000e+02
68.9  1  5.0000  0.0000  -14.0000  0 0 0  0 0 0  -7.2000000000e+02
69.0  1  5.0000  0.0000  -14.0000  0 0 0  0 0 0  -7.2000000000e+02
69.1  1  5.0000  0.0000  -14.0000  0 0 0  0 0 0  -7.2000000000e+02
69.2  1  5.0000  0.0000  -14.0000  0 0 0  0 0 0  -7.2000000000e+02
69.3  1  5.0000  0.0000  -14.0000  0 0 0  0 0 0  -7.2000000000e+02
69.4  1  5.0000  0.0000  -14.0000  0 0 0  0 0 0  -7.2000000000e+02
69.5  1  5.0000  0.0000  -14.0000  0 0 0  0 0 0  -7.2000000000e+02
69.6  1  5.0000  0.0000  -14.0000  0 0 0  0 0 0  -7.2000000000e+02
69.7  1  5.0000  0.0000  -14.0000  0 0 0  0 0 0  -7.2000000000e+02
69.8  1  5.0000  0.0000  -14.0000  0 0 0  0 0 0  -7.2000000000e+02
69.9  1  5.0000  0.0000  -14.0000  0 0 0  0 0 0  -7.2000000000e+02
70.0  1  5.0000  0.0000  -14.0000  0 0 0  0 0 0  -7.2000000000e+02
70.1  1  5.0000  0.0000  -14.0000  0 0 0  0 0 0  -7.2000000000e+02
70.2  1  5.0000  0.0000  -14.0000  0 0 0  0 0 0  -7.2000000000e+02
70.3  1  5.0000  0.0000  -14.0000  0 0 0  0 0 0  -7.2000000000e+02
70.4  1  5.0000  0.0000  -14.0000  0 0 0  0 0 0  -7.2000000000e+02
70.5  1  5.0000  0.0000  -14.0000  0 0 0  0 0 0  -7.2000000000e+02
70.6  1  5.0000  0.0000  -14.0000  0 0 0  0 0 0  -7.2000000000e+02
70.7  1  5.0000  0.0000  -14.0000  0 0 0  0 0 0  -7.2000000000e+02
70.8  1  5.0000  0.0000  -14.0000  0 0 0  0 0 0  -7.2000000000e+02
70.9  1  5.0000  0.0000  -14.0000  0 0 0  0 0 0  -7.2000000000e+02
71.0  1  5.0000  0.0000  -14.0000  0 0 0  0 0 0  -7.2000000000e+02
71.1  1  5.0000  0.0000  -14.0000  0 0 0  0 0 0  -7.2000000000e+02
71.2  1  5.0000  0.0000  -14.0000  0 0 0  0 0 0  -7.2000000000e+02
71.3  1  5.0000  0.0000  -14.0000  0 0 0  0 0 0  -7.2000000000e+02
71.4  1  5.0000  0.0000  -14.0000  0 0 0  0 0 0  -7.2000000000e+02
71.5  1  5.0000  0.0000  -14.0000  0 0 0  0 0 0  -7.2000000000e+02
71.6  1  5.0000  0.0000  -14.0000  0 0 0  0 0 0  -7.2000000000e+02
71.7  1  5.0000  0.0000  -14.0000  0 0 0  0 0 0  -7.2000000000e+02
71.8  1  5.0000  0.0000  -14.0000  0 0 0  0 0 0  -7.2000000000e+02
71.9  1  5.0000  0.0000  -14.0000  0 0 0  0 0 0  -7.2000000000e+02
72.0  1  5.0000  0.0000  -14.0000  0 0 0  0 0 0  -7.2000000000e+02
72.1  1  5.0000  0.0000  -14.0000  0 0 0  0 0 0  -7.2000000000e+02
72.2  1  5.0000  0.0000  -14.0000  0 0 0  0 0 0  -7.2000000000e+02
72.3  1  5.0000  0.0000  -14.0000  0 0 0  0 0 0  -7.2000000000e+02
72.4  1  5.0000  0.0000  -14.0000  0 0 0  0 0 0  -7.2000000000e+02
72.5  1  5.0000  0.0000  -14.0000  0 0 0  0 0 0  -7.2000000000e+02
72.6  1  5.0000  0.0000  -14.0000  0 0 0  0 0 0  -7.2000000000e+02
72.7  1  5.0000  0.0000  -14.0000  0 0 0  0 0 0  -7.2000000000e+02
72.8  1  5.0000  0.0000  -14.0000  0 0 0  0 0 0  -7.2000000000e+02
72.9  1  5.0000  0.0000  -14.0000  0 0 0  0 0 0  -7.2000000000e+02
73.0  1  5.0000  0.0000  -14.0000  0 0 0  0 0 0  -7.2000000000e+02
73.1  1  5.0000  0.0000  -14.0000  0 0 0  0 0 0  -7.2000000000e+02
73.2  1  5.0000  0.0000  -14.0000  0 0 0  0 0 0  -7.2000000000e+02
73.3  1  5.0000  0.0000  -14.0000  0 0 0  0 0 0  -7.2000000000e+02
73.4  1  5.0000  0.0000  -14.0000  0 0 0  0 0 0  -7.2000000000e+02
73.5  1  5.0000  0.0000  -14.0000  0 0 0  0 0 0  -7.2000000000e+02
73.6  1  5.0000  0.0000  -14.0000  0 0 0  0 0 0  -7.2000000000e+02
73.7  1  5.0000  0.0000  -14.0000  0 0 0  0 0 0  -7.2000000000e+02
73.8  1  5.0000  0.0000  -14.0000  0 0 0  0 0 0  -7.2000000000e+02
73.9  1  5.0000  0.0000  -14.0000  0 0 0  0 0 0  -7.2000000000e+02
74.0  1  5.0000  0.0000  -14.0000  0 0 0  0 0 0  -7.2000000000e+02
74.1  1  5.0000  0.0000  -14.0000  0 0 0  0 0 0  -7.2000000000e+02
74.2  1  5.0000  0.0000  -14.0000  0 0 0  0 0 0  -7.2000000000e+02
74.3  1  5.0000  0.0000  -14.0000  0 0 0  0 0 0  -7.2000000000e+02
74.4  1  5.0000  0.0000  -14.0000  0 0 0  0 0 0  -7.2000000000e+02
74.5  1  5.0000  0.0000  -14.0000  0 0 0  0 0 0  -7.2000000000e+02
74.6  1  5.0000  0.0000  -14.0000  0 0 0  0 0 0  -7.2000000000e+02
74.7  1  5.0000  0.0000  -14.0000  0 0 0  0 0 0  -7.2000000000e+02
74.8  1  5.0000  0.0000  -14.0000  0 0 0  0 0 0  -7.2000000000e+02
74.9  1  5.0000  0.0000  -14.0000  0 0 0  0 0 0  -7.2000000000e+02
75.0  1  5.0000  0.0000  -14.0000  0 0 0  0 0 0  -7.2000000000e+02
75.1  1  5.0000  0.0000  -14.0000  0 0 0  0 0 0  -7.2000000000e+02
75.2  1  5.0000  0.0000  -14.0000  0 0 0  0 0 0  -7.2000000000e+02
75.3  1  5.0000  0.0000  -14.0000  0 0 0  0 0 0  -7.2000000000e+02
75.4  1  5.0000  0.0000  -14.0000  0 0 0  0 0 0  -7.2000000000e+02
75.5  1  5.0000  0.0000  -14.0000  0 0 0  0 0 0  -7.2000000000e+02
75.6  1  5.0000  0.0000  -14.0000  0 0 0  0 0 0  -7.2000000000e+02
75.7  1  5.0000  0.0000  -14.0000  0 0 0  0 0 0  -7.2000000000e+02
75.8  1  5.0000  0.0000  -14.0000  0 0 0  0 0 0  -7.2000000000e+02
75.9  1  5.0000  0.0000  -14.0000  0 0 0  0 0 0  -7.2000000000e+02
76.0  1  5.0000  0.0000  -14.0000  0 0 0  0 0 0  -7.2000000000e+02
76.1  1  5.0000  0.0000  -14.0000  0 0 0  0 0 0  -7.2000000000e+02
76.2  1  5.0000  0.0000  -14.0000  0 0 0  0 0 0  -7.2000000000e+02
76.3  1  5.0000  0.0000  -14.0000  0 0 0  0 0 0  -7.2000000000e+02
76.4  1  5.0000  0.0000  -14.0000  0 0 0  0 0 0  -7.2000000000e+02
76.5  1  5.0000  0.0000  -14.0000  0 0 0  0 0 0  -7.2000000000e+02
76.6  1  5.0000  0.0000  -14.0000  0 0 0  0 0 0  -7.2000000000e+02
76.7  1  5.0000  0.0000  -14.0000  0 0 0  0 0 0  -7.2000000000e+02
76.8  1  5.0000  0.0000  -14.0000  0 0 0  0 0 0  -7.2000000000e+02
76.9  1  5.0000  0.0000  -14.0000  0 0 0  0 0 0  -7.2000000000e+02
77.0  1  5.0000  0.0000  -14.0000  0 0 0  0 0 0  -7.2000000000e+02
77.1  1  5.0000  0.0000  -14.0000  0 0 0  0 0 0  -7.2000000000e+02
77.2  1  5.0000  0.0000  -14.0000  0 0 0  0 0 0  -7.2000000000e+02
77.3  1  5.0000  0.0000  -14.0000  0 0 0  0 0 0  -7.2000000000e+02
77.4  1  5.0000  0.0000  -14.0000  0 0 0  0 0 0  -7.2000000000e+02
77.5  1  5.0000  0.0000  -14.0000  0 0 0  0 0 0  -7.2000000000e+02
77.6  1  5.0000  0.0000  -14.0000  0 0 0  0 0 0  -7.2000000000e+02
77.7  1  5.0000  0.0000  -14.0000  0 0 0  0 0 0  -7.2000000000e+02
77.8  1  5.0000  0.0000  -14.0000  0 0 0  0 0 0  -7.2000000000e+02
77.9  1  5.0000  0.0000  -14.0000  0 0 0  0 0 0  -7.2000000000e+02
78.0  1  5.0000  0.0000  -14.0000  0 0 0  0 0 0  -7.2000000000e+02
78.1  1  5.0000  0.0000  -14.0000  0 0 0  0 0 0  -7.2000000000e+02
78.2  1  5.0000  0.0000  -14.0000  0 0 0  0 0 0  -7.2000000000e+02
78.3  1  5.0000  0.0000  -14.0000  0 0 0  0 0 0  -7.2000000000e+02
78.4  1  5.0000  0.0000  -14.0000  0 0 0  0 0 0  -7.2000000000e+02
78.5  1  5.0000  0.0000  -14.0000  0 0 0  0 0 0  -7.2000000000e+02
78.6  1  5.0000  0.0000  -14.0000  0 0 0  0 0 0  -7.2000000000e+02
78.7  1  5.0000  0.0000  -14.0000  0 0 0  0 0 0  -7.2000000000e+02
78.8  1  5.0000  0.0000  -14.0000  0 0 0  0 0 0  -7.2000000000e+02
78.9  1  5.0000  0.0000  -14.0000  0 0 0  0 0 0  -7.2000000000e+02
79.0  1  5.0000  0.0000  -14.0000  0 0 0  0 0 0  -7.2000000000e+02
79.1  1  5.0000  0.0000  -14.0000  0 0 0  0 0 0  -7.2000000000e+02
79.2  1  5.0000  0.0000  -14.0000  0 0 0  0 0 0  -7.2000000000e+02
79.3  1  5.0000  0.0000  -14.0000  0 0 0  0 0 0  -7.2000000000e+02
79.4  1  5.0000  0.0000  -14.0000  0 0 0  0 0 0  -7.2000000000e+02
79.5  1  5.0000  0.0000  -14.0000  0 0 0  0 0 0  -7.2000000000e+02
79.6  1  5.0000  0.0000  -14.0000  0 0 0  0 0 0  -7.2000000000e+02
79.7  1  5.0000  0.0000  -14.0000  0 0 0  0 0 0  -7.2000000000e+02
79.8  1  5.0000  0.0000  -14.0000  0 0 0  0 0 0  -7.2000000000e+02
79.9  1  5.0000  0.0000  -14.0000  0 0 0  0 0 0  -7.2000000000e+02
80.0  1  5.0000  0.0000  -14.0000  0 0 0  0 0 0  -7.2000000000e+02
80.1  1  5.0000  0.0000  -14.0000  0 0 0  0 0 0  -7.2000000000e+02
80.2  1  5.0000  0.0000  -14.0000  0 0 0  0 0 0  -7.2000000000e+02
80.3  1  5.0000  0.0000  -14.0000  0 0 0  0 0 0  -7.2000000000e+02
80.4  1  5.0000  0.0000  -14.0000  0 0 0  0 0 0  -7.2000000000e+02
80.5  1  5.0000  0.0000  -14.0000  0 0 0  0 0 0  -7.2000000000e+02
80.6  1  5.0000  0.0000  -14.0000  0 0 0  0 0 0  -7.2000000000e+02
80.7  1  5.0000  0.0000  -14.0000  0 0 0  0 0 0  -7.2000000000e+02
80.8  1  5.0000  0.0000  -14.0000  0 0 0  0 0 0  -7.2000000000e+02
80.9  1  5.0000  0.0000  -14.0000  0 0 0  0 0 0  -7.2000000000e+02
81.0  1  5.0000  0.0000  -14.0000  0 0 0  0 0 0  -7.2000000000e+02
81.1  1  5.0000  0.0000  -14.0000  0 0 0  0 0 0  -7.2000000000e+02
81.2  1  5.0000  0.0000  -14.0000  0 0 0  0 0 0  -7.2000000000e+02
81.3  1  5.0000  0.0000  -14.0000  0 0 0  0 0 0  -7.2000000000e+02
81.4  1  5.0000  0.0000  -14.0000  0 0 0  0 0 0  -7.2000000000e+02
81.5  1  5.0000  0.0000  -14.0000  0 0 0  0 0 0  -7.2000000000e+02
81.6  1  5.0000  0.0000  -14.0000  0 0 0  0 0 0  -7.2000000000e+02
81.7  1  5.0000  0.0000  -14.0000  0 0 0  0 0 0  -7.2000000000e+02
81.8  1  5.0000  0.0000  -14.0000  0 0 0  0 0 0  -7.2000000000e+02
81.9  1  5.0000  0.0000  -14.0000  0 0 0  0 0 0  -7.2000000000e+02
82.0  1  5.0000  0.0000  -14.0000  0 0 0  0 0 0  -7.2000000000e+02
82.1  1  5.0000  0.0000  -14.0000  0 0 0  0 0 0  -7.2000000000e+02
82.2  1  5.0000  0.0000  -14.0000  0 0 0  0 0 0  -7.2000000000e+02
82.3  1  5.0000  0.0000  -14.0000  0 0 0  0 0 0  -7.2000000000e+02
82.4  1  5.0000  0.0000  -14.0000  0 0 0  0 0 0  -7.2000000000e+02
82.5  1  5.0000  0.0000  -14.0000  0 0 0  0 0 0  -7.2000000000e+02
82.6  1  5.0000  0.0000  -14.0000  0 0 0  0 0 0  -7.2000000000e+02
82.7  1  5.0000  0.0000  -14.0000  0 0 0  0 0 0  -7.2000000000e+02
82.8  1  5.0000  0.0000  -14.0000  0 0 0  0 0 0  -7.2000000000e+02
82.9  1  5.0000  0.0000  -14.0000  0 0 0  0 0 0  -7.2000000000e+02
83.0  1  5.0000  0.0000  -14.0000  0 0 0  0 0 0  -7.2000000000e+02
83.1  1  5.0000  0.0000  -14.0000  0 0 0  0 0 0  -7.2000000000e+02
83.2  1  5.0000  0.0000  -14.0000  0 0 0  0 0 0  -7.2000000000e+02
83.3  1  5.0000  0.0000  -14.0000  0 0 0  0 0 0  -7.2000000000e+02
83.4  1  5.0000  0.0000  -14.0000  0 0 0  0 0 0  -7.2000000000e+02
83.5  1  5.0000  0.0000  -14.0000  0 0 0  0 0 0  -7.2000000000e+02
83.6  1  5.0000  0.0000  -14.0000  0 0 0  0 0 0  -7.2000000000e+02
83.7  1  5.0000  0.0000  -14.0000  0 0 0  0 0 0  -7.2000000000e+02
83.8  1  5.0000  0.0000  -14.0000  0 0 0  0 0 0  -7.2000000000e+02
83.9  1  5.0000  0.0000  -14.0000  0 0 0  0 0 0  -7.2000000000e+02
84.0  1  5.0000  0.0000  -14.0000  0 0 0  0 0 0  -7.2000000000e+02
84.1  1  5.0000  0.0000  -14.0000  0 0 0  0 0 0  -7.2000000000e+02
84.2  1  5.0000  0.0000  -14.0000  0 0 0  0 0 0  -7.2000000000e+02
84.3  1  5.0000  0.0000  -14.0000  0 0 0  0 0 0  -7.2000000000e+02
84.4  1  5.0000  0.0000  -14.0000  0 0 0  0 0 0  -7.2000000000e+02
84.5  1  5.0000  0.0000  -14.0000  0 0 0  0 0 0  -7.2000000000e+02
84.6  1  5.0000  0.0000  -14.0000  0 0 0  0 0 0  -7.2000000000e+02
84.7  1  5.0000  0.0000  -14.0000  0 0 0  0 0 0  -7.2000000000e+02
84.8  1  5.0000  0.0000  -14.0000  0 0 0  0 0 0  -7.2000000000e+02
84.9  1  5.0000  0.0000  -14.0000  0 0 0  0 0 0  -7.2000000000e+02
85.0  1  5.0000  0.0000  -14.0000  0 0 0  0 0 0  -7.2000000000e+02
85.1  1  5.0000  0.0000  -14.0000  0 0 0  0 0 0  -7.2000000000e+02
85.2  1  5.0000  0.0000  -14.0000  0 0 0  0 0 0  -7.2000000000e+02
85.3  1  5.0000  0.0000  -14.0000  0 0 0  0 0 0  -7.2000000000e+02
85.4  1  5.0000  0.0000  -14.0000  0 0 0  0 0 0  -7.2000000000e+02
85.5  1  5.0000  0.0000  -14.0000  0 0 0  0 0 0  -7.2000000000e+02
85.6  1  5.0000  0.0000  -14.0000  0 0 0  0 0 0  -7.2000000000e+02
85.7  1  5.0000  0.0000  -14.0000  0 0 0  0 0 0  -7.2000000000e+02
85.8  1  5.0000  0.0000  -14.0000  0 0 0  0 0 0  -7.2000000000e+02
85.9  1  5.0000  0.0000  -14.0000  0 0 0  0 0 0  -7.2000000000e+02
86.0  1  5.0000  0.0000  -14.0000  0 0 0  0 0 0  -7.2000000000e+02
86.1  1  5.0000  0.0000  -14.0000  0 0 0  0 0 0  -7.2000000000e+02
86.2  1  5.0000  0.0000  -14.0000  0 0 0  0 0 0  -7.2000000000e+02
86.3  1  5.0000  0.0000  -14.0000  0 0 0  0 0 0  -7.2000000000e+02
86.4  1  5.0000  0.0000  -14.0000  0 0 0  0 0 0  -7.2000000000e+02
86.5  1  5.0000  0.0000  -14.0000  0 0 0  0 0 0  -7.2000000000e+02
86.6  1  5.0000  0.0000  -14.0000  0 0 0  0 0 0  -7.2000000000e+02
86.7  1  5.0000  0.0000  -14.0000  0 0 0  0 0 0  -7.2000000000e+02
86.8  1  5.0000  0.0000  -14.0000  0 0 0  0 0 0  -7.2000000000e+02
86.9  1  5.0000  0.0000  -14.0000  0 0 0  0 0 0  -7.2000000000e+02
87.0  1  5.0000  0.0000  -14.0000  0 0 0  0 0 0  -7.2000000000e+02
87.1  1  5.0000  0.0000  -14.0000  0 0 0  0 0 0  -7.2000000000e+02
87.2  1  5.0000  0.0000  -14.0000  0 0 0  0 0 0  -7.2000000000e+02
87.3  1  5.0000  0.0000  -14.0000  0 0 0  0 0 0  -7.2000000000e+02
87.4  1  5.0000  0.0000  -14.0000  0 0 0  0 0 0  -7.2000000000e+02
87.5  1  5.0000  0.0000  -14.0000  0 0 0  0 0 0  -7.2000000000e+02
87.6  1  5.0000  0.0000  -14.0000  0 0 0  0 0 0  -7.2000000000e+02
87.7  1  5.0000  0.0000  -14.0000  0 0 0  0 0 0  -7.2000000000e+02
87.8  1  5.0000  0.0000  -14.0000  0 0 0  0 0 0  -7.2000000000e+02
87.9  1  5.0000  0.0000  -14.0000  0 0 0  0 0 0  -7.2000000000e+02
88.0  1  5.0000  0.0000  -14.0000  0 0 0  0 0 0  -7.2000000000e+02
88.1  1  5.0000  0.0000  -14.0000  0 0 0  0 0 0  -7.2000000000e+02
88.2  1  5.0000  0.0000  -14.0000  0 0 0  0 0 0  -7.2000000000e+02
88.3  1  5.0000  0.0000  -14.0000  0 0 0  0 0 0  -7.2000000000e+02
88.4  1  5.0000  0.0000  -14.0000  0 0 0  0 0 0  -7.2000000000e+02
88.5  1  5.0000  0.0000  -14.0000  0 0 0  0 0 0  -7.2000000000e+02
88.6  1  5.0000  0.0000  -14.0000  0 0 0  0 0 0  -7.2000000000e+02
88.7  1  5.0000  0.0000  -14.0000  0 0 0  0 0 0  -7.2000000000e+02
88.8  1  5.0000  0.0000  -14.0000  0 0 0  0 0 0  -7.2000000000e+02
88.9  1  5.0000  0.0000  -14.0000  0 0 0  0 0 0  -7.2000000000e+02
89.0  1  5.0000  0.0000  -14.0000  0 0 0  0 0 0  -7.2000000000e+02
89.1  1  5.0000  0.0000  -14.0000  0 0 0  0 0 0  -7.2000000000e+02
89.2  1  5.0000  0.0000  -14.0000  0 0 0  0 0 0  -7.2000000000e+02
89.3  1  5.0000  0.0000  -14.0000  0 0 0  0 0 0  -7.2000000000e+02
89.4  1  5.0000  0.0000  -14.0000  0 0 0  0 0 0  -7.2000000000e+02
89.5  1  5.0000  0.0000  -14.0000  0 0 0  0 0 0  -7.2000000000e+02
89.6  1  5.0000  0.0000  -14.0000  0 0 0  0 0 0  -7.2000000000e+02
89.7  1  5.0000  0.0000  -14.0000  0 0 0  0 0 0  -7.2000000000e+02
89.8  1  5.0000  0.0000  -14.0000  0 0 0  0 0 0  -7.2000000000e+02
89.9  1  5.0000  0.0000  -14.0000  0 0 0  0 0 0  -7.2000000000e+02
90.0  1  5.0000  0.0000  -14.0000  0 0 0  0 0 0  -7.2000000000e+02
